00000010
00000000
00000010
00000000
00000010
00000000
00000101
11111111
11111011
00000110
00000011
01101101
00000101
00000011
01100101
00000101
00000011
01100110
00000101
00000011
01100111
00000101
00000011
01101000
00000101
00000011
01101001
00000011
00000011
01100110
00000011
00000011
01100101
00000010
00000000
00000101
00000011
01101010
00000010
00000001
00000011
00000011
01100111
00001001
00000011
00000011
01101010
00001001
00000100
00000111
00000000
00111110
00000010
00000001
00000010
00000000
00000101
11111111
11111011
00000110
00000000
01000000
00000010
00000000
00000010
00000000
00001000
00000100
00000110
00000000
01001111
00000010
00000000
00000101
11111111
11111011
00000110
00000010
00010100
00000010
00000000
00000101
00000011
01101011
00000010
00000001
00000011
00000011
01100111
00001001
00000011
00000011
01101011
00001001
00000100
00000111
00000000
01101100
00000010
00000001
00000010
00000000
00000101
11111111
11111011
00000110
00000000
01101110
00000010
00000000
00000010
00000000
00001000
00000100
00000110
00000000
01111101
00000010
00000000
00000101
11111111
11111011
00000110
00000010
00000011
00000011
00000011
01101001
00000011
00000011
01101000
00000011
00000011
01101011
00000010
00000000
00001000
00000111
00000000
10010110
00000010
11111111
00000010
00000000
00000101
11111111
11111011
00000110
00000000
10011000
00000010
00000000
00000010
10100100
00000010
00000000
00000010
00000000
00000101
11111111
11111011
00000110
00000101
10010101
00000010
00000001
00000010
10110010
00000010
00000000
00000010
00000000
00000101
11111111
11111011
00000110
00001000
01100101
00000011
00000011
01101001
00000011
00000011
01101000
00000010
00000001
00000011
00000011
01101011
00001000
00000010
00000000
00001000
00000111
00000000
11001110
00000010
11111111
00000010
00000000
00000101
11111111
11111011
00000110
00000000
11010000
00000010
00000000
00000010
11011100
00000010
00000000
00000010
00000000
00000101
11111111
11111011
00000110
00000101
10010101
00000010
00000001
00000010
11101010
00000010
00000000
00000010
00000000
00000101
11111111
11111011
00000110
00001000
01100101
00001001
00000100
00000111
00000000
11111001
00000010
00000001
00000010
00000000
00000101
11111111
11111011
00000110
00000000
11111011
00000010
00000000
00000010
00000000
00001000
00000100
00000110
00000001
00001010
00000010
00000000
00000101
11111111
11111011
00000110
00000001
11110010
00000011
00000011
01101001
00000011
00000011
01101000
00000011
00000011
01101011
00000010
00000000
00001000
00000111
00000001
00100011
00000010
11111111
00000010
00000000
00000101
11111111
11111011
00000110
00000001
00100101
00000010
00000000
00000010
00110001
00000010
00000001
00000010
00000000
00000101
11111111
11111011
00000110
00000101
10010101
00000010
00000001
00000010
00111111
00000010
00000001
00000010
00000000
00000101
11111111
11111011
00000110
00001000
01100101
00000101
00000011
01101100
00000011
00000011
01101001
00000011
00000011
01101000
00000010
00000001
00000011
00000011
01101011
00001000
00000010
00000000
00001000
00000111
00000001
01011110
00000010
11111111
00000010
00000000
00000101
11111111
11111011
00000110
00000001
01100000
00000010
00000000
00000010
01101100
00000010
00000001
00000010
00000000
00000101
11111111
11111011
00000110
00000101
10010101
00000010
00000001
00000010
01111010
00000010
00000001
00000010
00000000
00000101
11111111
11111011
00000110
00001000
01100101
00000011
00000011
01101001
00000011
00000011
01101000
00000011
00000011
01101011
00000010
00000000
00001000
00000111
00000001
10010011
00000010
11111111
00000010
00000000
00000101
11111111
11111011
00000110
00000001
10010101
00000010
00000000
00000010
10100001
00000010
00000001
00000010
00000000
00000101
11111111
11111011
00000110
00000101
10010101
00000010
00000001
00000010
10101111
00000010
00000001
00000010
00000000
00000101
11111111
11111011
00000110
00001000
11001111
00000011
00000011
01101100
00000011
00000011
01101001
00000011
00000011
01101000
00000010
00000001
00000011
00000011
01101011
00001000
00000010
00000000
00001000
00000111
00000001
11001110
00000010
11111111
00000010
00000000
00000101
11111111
11111011
00000110
00000001
11010000
00000010
00000000
00000010
11011100
00000010
00000001
00000010
00000000
00000101
11111111
11111011
00000110
00000101
10010101
00000010
00000001
00000010
11101010
00000010
00000001
00000010
00000000
00000101
11111111
11111011
00000110
00001000
11001111
00000010
00000000
00000101
11111111
11111011
00000110
00000001
11110010
00000010
00000001
00000011
00000011
01101011
00001000
00000101
00000011
01101011
00000010
00000000
00000101
11111111
11111011
00000110
00000000
01010100
00000010
00000001
00000011
00000011
01101010
00001000
00000101
00000011
01101010
00000010
00000000
00000101
11111111
11111011
00000110
00000000
00100110
00000010
00000001
00000010
00000000
00001001
00000100
00000111
00000010
00100111
00000010
00000001
00000010
00000000
00000101
11111111
11111011
00000110
00000010
00101001
00000010
00000000
00000101
00000011
01101010
00000010
00000000
00000101
00000011
01101011
00000010
00000001
00000011
00000011
01100111
00001001
00000011
00000011
01101011
00001001
00000100
00000111
00000010
01001001
00000010
00000001
00000010
00000000
00000101
11111111
11111011
00000110
00000010
01001011
00000010
00000000
00000010
00000000
00001000
00000100
00000110
00000010
01011010
00000010
00000000
00000101
11111111
11111011
00000110
00000011
00011000
00000011
00000011
01101001
00000011
00000011
01101000
00000011
00000011
01101011
00000010
00000000
00001000
00000111
00000010
01110011
00000010
11111111
00000010
00000000
00000101
11111111
11111011
00000110
00000010
01110101
00000010
00000000
00000010
10000001
00000010
00000010
00000010
00000000
00000101
11111111
11111011
00000110
00000101
10010101
00000010
00000001
00000010
10001111
00000010
00000010
00000010
00000000
00000101
11111111
11111011
00000110
00001000
01100101
00000011
00000011
01101001
00000011
00000011
01101000
00000010
00000001
00000011
00000011
01101011
00001000
00000010
00000000
00001000
00000111
00000010
10101011
00000010
11111111
00000010
00000000
00000101
11111111
11111011
00000110
00000010
10101101
00000010
00000000
00000010
10111001
00000010
00000010
00000010
00000000
00000101
11111111
11111011
00000110
00000101
10010101
00000010
00000001
00000010
11000111
00000010
00000010
00000010
00000000
00000101
11111111
11111011
00000110
00001000
01100101
00001001
00000100
00000111
00000010
11010110
00000010
00000001
00000010
00000000
00000101
11111111
11111011
00000110
00000010
11011000
00000010
00000000
00000010
00000000
00001000
00000100
00000110
00000010
11100111
00000010
00000000
00000101
11111111
11111011
00000110
00000011
00000111
00000010
00000000
00000010
00000000
00001001
00000100
00000111
00000010
11111010
00000010
00000001
00000010
00000000
00000101
11111111
11111011
00000110
00000010
11111100
00000010
00000000
00000101
00000011
01101010
00000010
00000000
00000101
11111111
11111011
00000110
00000011
00011000
00000010
00000001
00000011
00000011
01101011
00001000
00000101
00000011
01101011
00000010
00000000
00000101
11111111
11111011
00000110
00000010
00110001
00000010
11111100
00000010
11111111
00000101
00000011
01101011
00000101
00000011
01101100
00000011
00000011
01101010
00000011
00000011
01101100
00000011
00000011
01101011
00000010
00000010
00000010
00000000
00001000
00000111
00000011
00111101
00000010
11111111
00000010
00000000
00000101
11111111
11111011
00000110
00000011
00111111
00000010
00000000
00000010
01001011
00000010
00000011
00000010
00000000
00000101
11111111
11111011
00000110
00000101
10010101
00000010
00000001
00000010
01011001
00000010
00000011
00000010
00000000
00000101
11111111
11111011
00000110
00001000
11001111
00000101
00000011
01100101
00000101
00000011
01100110
00000010
00000000
00000101
11111111
11111011
00000110
00000000
00000000
00000000
00000000
00000000
00000000
00000000
00000000
00000010
11111100
00000010
11111111
00000101
00000101
10001101
00000101
00000101
10001110
00000010
01100011
00000010
10001111
00000010
00000101
00000010
00000000
00000010
00000000
00001000
00000111
00000011
10001111
00000010
11111111
00000010
00000000
00000101
11111111
11111011
00000110
00000011
10010001
00000010
00000000
00000010
10011101
00000010
00000011
00000010
00000000
00000101
11111111
11111011
00000110
00000101
10010101
00000010
00000001
00000010
10101011
00000010
00000011
00000010
00000000
00000101
11111111
11111011
00000110
00001000
11001111
00000010
01001110
00000010
10001111
00000010
00000101
00000010
00000001
00000010
00000000
00001000
00000111
00000011
11000011
00000010
11111111
00000010
00000000
00000101
11111111
11111011
00000110
00000011
11000101
00000010
00000000
00000010
11010001
00000010
00000011
00000010
00000000
00000101
11111111
11111011
00000110
00000101
10010101
00000010
00000001
00000010
11011111
00000010
00000011
00000010
00000000
00000101
11111111
11111011
00000110
00001000
11001111
00000010
01000010
00000010
10001111
00000010
00000101
00000010
00000010
00000010
00000000
00001000
00000111
00000011
11110111
00000010
11111111
00000010
00000000
00000101
11111111
11111011
00000110
00000011
11111001
00000010
00000000
00000010
00000101
00000010
00000100
00000010
00000000
00000101
11111111
11111011
00000110
00000101
10010101
00000010
00000001
00000010
00010011
00000010
00000100
00000010
00000000
00000101
11111111
11111011
00000110
00001000
11001111
00000010
00000111
00000010
10001111
00000010
00000101
00000010
00000011
00000010
00000000
00001000
00000111
00000100
00101011
00000010
11111111
00000010
00000000
00000101
11111111
11111011
00000110
00000100
00101101
00000010
00000000
00000010
00111001
00000010
00000100
00000010
00000000
00000101
11111111
11111011
00000110
00000101
10010101
00000010
00000001
00000010
01000111
00000010
00000100
00000010
00000000
00000101
11111111
11111011
00000110
00001000
11001111
00000010
10001111
00000010
00000101
00000010
00000100
00000010
01011001
00000010
00000100
00000010
00000000
00000101
11111111
11111011
00000110
00000000
00001100
00000010
00000001
00000010
00000000
00001001
00000100
00000111
00000100
01101100
00000010
00000001
00000010
00000000
00000101
11111111
11111011
00000110
00000100
01101110
00000010
00000000
00000101
00000101
10010011
00000010
00000000
00000101
00000101
10010100
00000010
00000011
00000011
00000101
10010100
00001001
00000100
00000111
00000100
10001010
00000010
00000001
00000010
00000000
00000101
11111111
11111011
00000110
00000100
10001100
00000010
00000000
00000010
00000000
00001000
00000100
00000110
00000100
10011011
00000010
00000000
00000101
11111111
11111011
00000110
00000101
01010101
00000010
10001111
00000010
00000101
00000011
00000101
10010100
00000010
00000000
00001000
00000111
00000100
10110010
00000010
11111111
00000010
00000000
00000101
11111111
11111011
00000110
00000100
10110100
00000010
00000000
00000010
11000000
00000010
00000100
00000010
00000000
00000101
11111111
11111011
00000110
00000101
10010101
00000010
00000001
00000010
11001110
00000010
00000100
00000010
00000000
00000101
11111111
11111011
00000110
00001000
01100101
00000010
10001111
00000010
00000101
00000010
00000001
00000011
00000101
10010100
00001000
00000010
00000000
00001000
00000111
00000100
11101000
00000010
11111111
00000010
00000000
00000101
11111111
11111011
00000110
00000100
11101010
00000010
00000000
00000010
11110110
00000010
00000100
00000010
00000000
00000101
11111111
11111011
00000110
00000101
10010101
00000010
00000001
00000010
00000100
00000010
00000101
00000010
00000000
00000101
11111111
11111011
00000110
00001000
01100101
00001001
00000100
00000111
00000101
00010011
00000010
00000001
00000010
00000000
00000101
11111111
11111011
00000110
00000101
00010101
00000010
00000000
00000010
00000000
00001000
00000100
00000110
00000101
00100100
00000010
00000000
00000101
11111111
11111011
00000110
00000101
01000100
00000010
00000000
00000010
00000000
00001001
00000100
00000111
00000101
00110111
00000010
00000001
00000010
00000000
00000101
11111111
11111011
00000110
00000101
00111001
00000010
00000000
00000101
00000101
10010011
00000010
00000000
00000101
11111111
11111011
00000110
00000101
01010101
00000010
00000001
00000011
00000101
10010100
00001000
00000101
00000101
10010100
00000010
00000000
00000101
11111111
11111011
00000110
00000100
01110110
00000011
00000101
10010011
00000011
00000101
10001110
00000011
00000101
10001101
00000010
00000000
00000010
00000000
00001000
00000111
00000101
01110000
00000010
11111111
00000010
00000000
00000101
11111111
11111011
00000110
00000101
01110010
00000010
00000000
00000010
01111110
00000010
00000101
00000010
00000000
00000101
11111111
11111011
00000110
00000101
10010101
00000010
00000001
00000010
10001100
00000010
00000101
00000010
00000000
00000101
11111111
11111011
00000110
00001000
11001111
00000001
00000000
00000000
00000000
00000000
00000000
00000000
00000000
00000000
00000101
00000101
11000100
00000101
00000101
11000101
00000101
00000101
11000110
00000101
00000101
11000111
00000101
00000101
11001000
00000011
00000101
11000111
00000010
10110011
00000010
00000101
00000010
00000000
00000101
11111111
11111011
00000110
00000101
11001010
00000011
00000101
11000110
00000011
00000101
11001000
00001000
00000011
00000110
00100010
00001000
00000010
00000000
00000101
11111111
11111011
00000110
00000000
00000000
00000000
00000000
00000000
00000000
00000101
00000110
00011111
00000101
00000110
00100000
00000010
00000000
00001000
00000101
00000110
00100001
00000010
00000000
00000111
00000101
11110000
00001000
00000111
00000101
11110100
00000010
00000001
00000101
00000110
00100010
00000011
00000110
00100001
00001000
00000010
00000000
00000101
11111111
11111011
00000110
00000110
00011001
00001000
00000111
00000110
00010000
00000011
00000110
00100001
00001000
00000111
00000110
00001000
00000010
00000000
00000101
00000110
00100010
00000010
00000000
00000101
11111111
11111011
00000110
00000110
00011001
00000010
00000001
00000101
00000110
00100010
00000111
00000110
00011001
00000010
00000000
00000101
00000110
00100010
00000011
00000110
00100001
00001000
00000010
00000000
00000101
11111111
11111011
00000110
00000000
00000000
00000000
00000000
00000101
00000110
01110001
00000101
00000110
01110010
00000101
00000110
01110011
00000101
00000110
01110100
00000101
11111111
11111001
00000011
11111111
11111001
00000011
11111111
11111001
00001010
00000101
00000110
01110101
00000101
11111111
11111001
00000011
11111111
11111001
00000011
11111111
11111001
00001010
00000011
00000110
01110101
00000010
00000001
00000010
00000000
00000010
01011001
00000010
00000110
00000010
00000000
00000101
11111111
11111011
00000110
00000101
10010101
00000011
00000110
01110100
00000011
00000110
01110011
00000010
01101011
00000010
00000110
00000010
00000000
00000101
11111111
11111011
00000110
00000101
10010101
00000010
00000000
00000101
11111111
11111011
00000110
00000000
00000000
00000000
00000000
00000000
00000101
00000110
10011101
00000101
00000110
10011110
00000010
00000000
00001000
00000111
00000110
10000101
00000110
00000110
10010100
00000110
00000110
10010100
00000101
11111111
11111001
00000010
00000000
00001000
00000011
11111111
11111001
00000110
00000110
10011111
00000011
11111111
11111011
00000010
00000000
00000101
11111111
11111011
00000110
00000000
00000000
00000010
00000000
00000101
11111111
11111011
00000110
00000110
10010100
00000101
00000110
11111110
00000101
00000110
11111111
00000010
00000000
00001000
00000111
00000110
10111111
00000010
00000000
00001001
00000101
11111111
11111001
00000010
00000000
00001001
00000011
11111111
11111001
00000101
00000111
00000010
00000101
00000111
00000011
00000010
00000000
00000101
00000111
00000000
00000010
00000000
00000101
00000111
00000001
00000011
00000111
00000010
00000011
00000111
00000001
00001001
00000100
00000111
00000110
11110101
00000011
00000111
00000000
00000011
00000111
00000011
00001000
00000101
00000111
00000000
00000011
00000111
00000001
00000010
00000001
00001000
00000101
00000111
00000001
00000010
00000000
00000101
11111111
11111011
00000110
00000110
11001111
00000011
00000111
00000000
00000010
00000000
00000101
11111111
11111011
00000110
00000000
00000000
00000000
00000000
00000000
00000000
00000101
00000111
11100010
00000101
00000111
11100011
00000010
00010110
00000010
00000111
00000010
00000000
00000101
11111111
11111011
00000110
00000110
01110110
00000101
11111111
11111011
00000111
00000111
01001000
00000010
00000000
00000010
00000000
00000010
00101100
00000010
00000111
00000010
00000000
00000101
11111111
11111011
00000110
00000110
00100011
00000101
00000111
11101100
00000101
00000111
11101101
00000010
00000000
00000010
00000000
00000010
01000010
00000010
00000111
00000010
00000000
00000101
11111111
11111011
00000110
00000110
00100011
00000011
00000111
11101101
00000011
00000111
11101100
00000101
00000111
11101000
00000101
00000111
11101001
00000101
00000111
11101010
00000101
00000111
11101011
00000010
00000000
00000010
00000000
00000101
00000111
11100100
00000101
00000111
11100101
00000010
00000000
00000010
00000000
00000101
00000111
11100110
00000101
00000111
11100111
00000011
00000111
11101001
00000011
00000111
11101000
00000011
00000111
11100111
00000011
00000111
11100110
00000010
10000000
00000010
00000111
00000010
00000000
00000101
11111111
11111011
00000110
00000110
00100011
00000010
10001100
00000010
00000111
00000010
00000000
00000101
11111111
11111011
00000110
00000110
01110110
00000101
11111111
11111011
00000100
00000100
00000111
00000111
11010110
00000011
00000111
11100101
00000011
00000111
11100100
00000011
00000111
11101011
00000011
00000111
11101010
00000010
10101100
00000010
00000111
00000010
00000000
00000101
11111111
11111011
00000110
00000101
10010101
00000101
00000111
11100100
00000101
00000111
11100101
00000011
00000111
11100111
00000011
00000111
11100110
00000010
00000001
00000010
00000000
00000010
11001000
00000010
00000111
00000010
00000000
00000101
11111111
11111011
00000110
00000101
10010101
00000101
00000111
11100110
00000101
00000111
11100111
00000010
00000000
00000101
11111111
11111011
00000110
00000111
01101000
00000011
00000111
11100101
00000011
00000111
11100100
00000010
00000000
00000101
11111111
11111011
00000110
00000000
00000000
00000000
00000000
00000000
00000000
00000000
00000000
00000000
00000000
00000000
00000000
00000101
00001000
01100010
00000101
00001000
01100011
00000101
11111111
11111001
00000101
11111111
11111010
00000011
11111111
11111001
00000011
11111111
11111010
00000011
11111111
11111010
00000011
11111111
11111001
00000101
11111111
11111001
00000011
11111111
11111001
00000011
11111111
11111001
00001010
00000101
11111111
11111001
00000011
11111111
11111001
00000011
11111111
11111001
00001010
00000101
11111111
11111010
00000101
11111111
11111001
00000011
11111111
11111001
00000011
11111111
11111001
00001010
00000011
11111111
11111010
00001010
00000101
00001000
01100100
00000101
11111111
11111001
00000011
11111111
11111001
00000011
11111111
11111001
00001010
00000101
11111111
11111001
00000011
11111111
11111001
00000011
11111111
11111001
00001010
00000101
11111111
11111010
00000101
11111111
11111001
00000011
11111111
11111001
00000011
11111111
11111001
00001010
00000011
11111111
11111010
00001010
00000011
00001000
01100100
00001010
00000101
11111111
11111001
00000011
11111111
11111001
00000011
11111111
11111001
00001010
00000110
00000000
00000000
00000000
00000101
00001000
11001011
00000101
00001000
11001100
00000101
00001000
11001101
00000011
00001000
11001101
00000010
00000000
00000010
01111111
00000010
00001000
00000010
00000000
00000101
11111111
11111011
00000110
00000101
10010101
00000101
00001000
10110010
00000101
00001000
10110011
00000010
00000000
00000101
00001000
11001110
00000011
00001000
11001101
00000011
00001000
11001110
00001001
00000100
00000111
00001000
11000101
00000011
00001000
10110011
00000011
00001000
10110010
00000010
11111111
00000010
11111111
00000010
10101011
00000010
00001000
00000010
00000000
00000101
11111111
11111011
00000110
00000101
10010101
00000101
00001000
10110010
00000101
00001000
10110011
00000011
00000000
00000000
00000011
00001000
11001110
00000010
00000001
00001000
00000101
00001000
11001110
00000010
00000000
00000101
11111111
11111011
00000110
00001000
10001010
00000010
00000000
00000101
11111111
11111011
00000110
00000000
00000000
00000000
00000000
00000101
00001001
00100100
00000101
00001001
00100101
00000101
00001001
00100110
00000101
00001000
11101111
00000101
00001000
11110000
00000010
00000000
00000101
00001001
00100111
00000011
00001001
00100110
00000011
00001001
00100111
00001001
00000100
00000111
00001001
00011110
00000101
00000000
00000000
00000011
00001000
11110000
00000011
00001000
11101111
00000010
00000001
00000010
00000000
00000010
00000111
00000010
00001001
00000010
00000000
00000101
11111111
11111011
00000110
00000101
10010101
00000101
00001000
11101111
00000101
00001000
11110000
00000011
00001001
00100111
00000010
00000001
00001000
00000101
00001001
00100111
00000010
00000000
00000101
11111111
11111011
00000110
00001000
11100011
00000010
00000000
00000101
11111111
11111011
00000110
00000000
00000000
00000000
00000000
